13866
-
75
%
!
5098
1679
16722
/
5099
11271
" 4822
-
- -
- - -
- - - -
- - - - -
6268
5954
34
20
1488
549
7237
280
6455
509
430
1312
11955
8215
3062
474
4000
286
722
466
3112
4290
164
2012
1385
1697
3237
15514
42
9
322
1292
4835
81374
382
2099
26928
-1111
3415
6203
3868
13192
861
141
2743
144
29666
3976
10718
986
334
742
478
259384
1031
493
1392
156
433
4131
3918
720
1096
11498
4238
1580
636
8430
9179
9084
1263
19
1541
105
389
3528
617
137
32
1285
312
2013
21606
3071
5174
1127
3844
2216
1134
655
5476
477
1314
723
9197
1114
4313
693
3132
1064
4198
467
289
571
297
10950
652
4305
5996
181
18
338
5267
2100
2929
26485
330
74
1165
54167
20628
3661
1527
663
8271
175
1588
1294
5252
1639
1278
1484
1591
14367
12721
5359
12033
15197
1171
895
654
5243
3630
1191
3172
287
6001
635
1769
7306
37
7296
15081
295
872
291
883
1389
4918
1330
9916
5164
171
461
2086
6392
1025
12357
10830
15993
150026
5389
1280
14108
12926
523
340
4170
679
22660
526
1176
5421
3026
34730
15805
10170
451715
117873
20567
15465
11703
12743
2048
101792
15322
360
-1111
615
618
9363
510
6035
5452
31
38238
5633
9726
3181
6231
4209
7668
6069
1251
501
35610
114
138
109
1075
770
402
1929
1761
9781
5043
479
11800
143
1876
682
10427
404
6600
184653
731
1613
27825
9352
880
12386
794
1289
704
7360
5166
23269
49
2979
561
428
25499
1398
1173
12872
11879
1353
436
3635
732
1374
434
1125
166
1547
5957
2218
3168
9565
4161
2819
701
475
2720
5142
1390
3068
459
54
5296
677
26551
3668
2758
101964
5143
6196
339
1244
2996
619
32723
555
1477
1
5053
1117
48084
30574
34930
7781
23
1599
319
4063
1060
6605
326
396
1213
8931
23811
1381
25305
1376
988
3230
497
736
1459
76
2876
2076
2083
1404
7655
6176
546
676
20369
1329
453
10568
41556
1290
164598
1821
399
10074
2606
1163
5767
2957
5819
13044
3981
6443
1391
4822
10948
3588
14130
410
12105
1243
264
3563
599
8717
4603
1479
100142
3160
893
1495
95007
26730
1677
5666
10617
5999
346
11242
557
17
887
7520
425
407
44275
11548
661
1358
22817
992
6432
2706
12474
94759
1311
1109
249
2137
5265
139
24719
1661
953
313
1478
5568
11464
5958
401
1687
1740
-1111
277
380982
2
487
12685
1268
6020
454
18936
405
15412
4270
621
9186
65344
60235
173
153
1178
267
270
932
6593
711
3125
892
1304
6005
36918
2915
51
960
2597
1281
4334
2651
669
10190
5695
8196
10557
10693
608
8084
16600
1027
9881
5895
1480
7961
43735
362
4228
1094
116
507
1362
418
301
1214
43167
8086
3257
439
419
1752
7301
5713
1978
1328
2573
684
490
840
37110
162
4009
1282
406
12454
2214
29518
6661
13
278696
3211
16237
8676
182763
16557
469
130
914
35960
878
134009
4104
6485
1259
483
476
3761
1601
41
961
1179
847
879
879
1632
3925
7085
2322
427
813
56862
13461
248018
3929
7377
75
" 4822
" 4822
-
- -
- - -
20
549
7237
509
1312
11955
8215
3062
474
722
466
3112
4290
164
2012
1385
1697
3237
15514
-1111
4003
42
9
322
1292
81374
382
2099
26928
3415
141
2743
144
334
293
493
1392
156
433
4131
3918
720
1096
11498
4238
1580
8430
9179
9084
1541
105
1720
389
2678
617
137
1252
312
2013
655
247
22680
467
31613
448
1231
3864
18
2100
2929
3114
330
1165
20628
3661
1527
13896
663
8271
8230
175
1639
1278
1484
1591
12721
5359
12033
654
1191
9672
-1111
4222
1500
11289
287
6001
37
7296
15081
12376
926
872
291
600
602
883
1330
2899
2086
1280
523
340
679
1176
5421
3026
34730
15805
10170
451715
117873
20567
11703
12743
2048
360
615
16464
618
9363
510
31
5633
9726
1383
501
114
138
109
1075
1761
682
6600
184653
731
1613
23269
1750
561
428
1398
12872
1353
45136
653
436
3635
732
1374
292
434
1125
166
1547
2218
3168
5142
1390
3068
54
5296
677
26551
2758
101964
5143
339
1244
619
32723
1
5053
1117
23
1599
319
1060
6605
326
396
1213
8931
1381
25305
1376
988
497
1459
52
2083
1404
6176
5141
399
2606
3588
599
4603
1479
100142
3160
5666
346
557
17
868
5618
887
35126
7520
18001
425
407
11548
661
1358
22817
992
2706
2137
139
4
313
6489
401
277
2
487
1268
6020
454
18936
405
15412
4270
621
9186
60235
173
153
14389
6542
267
270
711
3125
892
1304
6005
36918
2915
51
960
2597
3753
4334
2651
7479
8436
608
16600
1027
7961
362
4228
1094
419
1752
684
840
406
12454
2214
29518
6661
13
278696
3211
16237
8676
182763
16557
469
130
914
35960
878
134009
4104
6485
1259
483
476
41
961
1179
879
2322
427
813
56862
13461
248018
46557
183380
96883
-1111
36331
14645
21606
-1111
410491
16173
-1111
-1111
1260
5664
1113
-1111
93080
101769
-1111
139608
35287
20058
-1111
-1111
73189
12430
137382
-1111
89286
299588
-1111
98735
10242
7682
2467
13906
407744
44146
1670
1660
14616
13545
-1111
-1111
-1111
-1111
-1111
-1111
-1111
21574
-1111
2888
1627
-1111
-1111
-1111
-1111
-1111
-1111
220353
-1111
-1111
-1111
380982
65344
-1111
-1111
-1111
-1111
-1111
18333
19081
98797
298611
1181
92651
-1111
45465
162
1282
-1111
-1111
81472
5703
59522
20119
15101
-1111
-1111
15460
-1111
-1111
97147
195619
-1111
403699
-1111
-1111
270488
-1111
-1111
73190
413488
-1111
-1111
-1111
-1111
-1111
-1111
-1111
-1111
90567
540291
-1111
18563
150179
364188
80151
-1111
-1111
188583
413488 "
388055
16908
332927
1332
1354
1157
75
" 4822
" 4822
-
- -
- - -
20
549
7237
1312
8215
3062
474
1697
42
9
1292
141
14645
144
334
493
156
720
1096
1580
8430
1541
389
617
137
16173
2013
467
1209
5996
1260
18
338
5664
5267
1113
2929
330
1165
1191
37
291
883
1280
179057
523
12430
340
1274
4170
679
137382
-1111
89286
5421
3026
205470
117873
20567
11703
12743
2048
360
98735
618
44146
1670
1660
14616
510
31
501
114
13545
138
1058
109
1075
16929
1398
436
732
21574
166
1547
677
5143
339
1
5053
23
1599
1060
326
396
23811
1381
25305
1376
988
497
1459
3588
-1111
557
-1111
-1111
220353
17
98920
425
407
139
401
277
18333
2
487
12685
1268
6020
454
405
19081
173
153
98797
298611
1181
92651
270
711
1304
51
2597
1027
7961
362
419
684
5703
840
59522
20119
15101
15099
1282
79991
406
15460
2214
90567
13
18563
130
914
878
80151
6485
483
188583
41
4455
879
16908
427
332927
1332
1354
1157
813
56862
13461
248018
20
1031
32
297
74
5243
4918
5389
618
770
1929
1876
49
5957
555
76
10568
1821
4822
953
8084
8086
1978
1632
3925
3929
2
493
51
1
9
20
31
277
340
618
138
37
339
23
41
679
144
427
18
334
270
617
2048
137
291
153
840
410
5421
557
326
42
476
166
319
474
879
405
487
406
425
362
988
510
549
878
1330
130
2086
1398
2214
673
312
880
163
677
402
11703
479
313
841
501
7358
813
385
407
467
1268
599
396
401
454
619
704
1060
477
109
497
1178
164
293
1312
116
608
360
1381
644
287
162
490
1278
459
1328
156
1292
173
2899
2082
732
1094
